1 
2
3
4 50
5 10 30 50 59
6 8 16 25 32 38 43 48 53 58
7 3 8 13 17 21 25 29 33 37 41 45 49 53 57
8 1 5 9 13 17 21 25 29 33 37 41 45 49 53 57
9 1 5 9 13 18 23 28 33 38 43 48 53 58
10 3 8 13 18 23 28 33 38 43 48 53 58
11 3 8 13 18 23 28 33 38 43 48 53 58
12 3 8 13 18 23 28 33 38 43 48 53 58
13 3 8 13 18 23 28 33 38 43 48 53 58
14 3 8 13 18 23 28 33 38 43 48 53 58
15 3 8 13 17 21 25 29 33 37 41 45 49 53 57
16 1 5 9 13 17 21 25 29 33 37 41 45 49 53 57
17 1 5 9 13 17 21 25 29 33 37 41 45 49 53 57
18 1 5 9 13 17 21 25 29 33 39 25 29 33 38 43 48 53 58
19 3 8 13 20 21 28 29 35 42 46 49 57 
20 4 5 12 19 27 34 35 42 49 57  
21 4 12 19 22 27 35 44 54
22 4 14 15 24 34 44 54
23 4 14 24 34 44
24 