1 
2
3
4 56 
5 6 16 26 36 45 52 58 
6 3 8 13 18 23 28 33 37 41 45 48 52 55 59  
7 2 5 8 11 14 16 19 21 24 26 29 31 33 36 38 40 43 45 47 50 52 54 57 59 
8 1 4 6 9 11 14 16 19 21 24 26 29 31 34 36 39 41 44 46 49 51 54 56 59 
9 2 5 8 11 14 17 21 24 28 31 35 39 43 47 51 55 59
10 4 9 14 19 24 29 34 39 44 49 54 59  
11 4 9 14 19 24 29 34 39 44 49 54 59
12 4 9 14 19 24 29 34 39 44 49 54 59
13 4 9 14 19 24 28 33 37 42 46 50 54 58
14 2 6 10 14 18 22 26 30 34 38 42 46 50 54 58
15 2 6 10 14 18 22 26 29 32 35 38 41 44 47 50 53 56 59 
16 3 6 9 12 15 18 21 24 27 30 33 36 39 42 45 48 51 54 57
17 0 3 6 9 12 15 18 21 24 27 30 33 36 39 42 45 48 52 56 
18 0 4 8 12 16 20 24 29 34 39 44 49 54 59  
19 4 9 15 21 27 33 39 46 54  
20 1 9 16 24 31 39 46 54   
21 1 9 16 26 36 46 56  
22 6 16 26 36 46 56 
23 6 16 26 36 46 56 
24 6
