1 
2
3
4 35 45 55
5 5 15 25 35 45 53
6 0 6 11 16 20 25 29 33 35 39 41 45 47 51 53 56 58 
7 1 3 5 8 10 12 14 16 18 20 22 24 26 28 30 32 34 36 38 40 42 44 46 48 50 52 54 56 58
8 0 2 4 6 8 10 12 13 15 17 19 21 23 25 27 29 31 33 35 37 39 41 43 45 47 49 51 53 55 57 59
9 1 3 5 7 9 11 13 15 17 19 21 23 25 28 30 33 35 38 41 43 46 49 52 55 58
10 1 4 7 10 14 17 20 24 27 31 34 38 41 45 49 53 56 
11 0 4 8 11 15 19 23 26 30 34 38 41 45 49 53 56
12 0 4 8 11 15 19 23 26 30 34 38 41 45 49 53 56
13 0 4 8 11 15 19 23 26 30 34 38 41 45 49 53 56
14 0 3 7 10 14 17 21 24 28 31 35 38 42 45 49 52 56 59
15 3 6 10 13 17 20 24 27 30 33 36 39 42 45 48 51 53 56 58
16 1 03 06 08 11 13 15 18 20 23 25 28 30 32 35 37 40 42 44 47 49 52 54 57 59
17 1 4 6 9 11 13 16 18 21 23 26 28 30 33 35 38 40 43 45 48 50 53 55 58
18 0 3 5 8 10 13 15 18 20 23 25 28 30 33 35 38 41 43 46 49 52 54 57 
19 0 3 5 8 11 14 16 19 22 25 27 31 35 39 43 48 53 58 
20 3 8 14 20 26 32 38 44 50 56  
21 2 8 15 25 35 45 55 
22 5 15 25 35 45 55
23 5 15 25 35 45 55 
24 
